test3 = [0.000	,	19.91;
10.000	,	19.90;
20.000	,	19.91;
30.000	,	19.90;
40.000	,	19.90;
50.000	,	19.90;
60.000	,	19.90;
70.000	,	19.90;
80.000	,	19.89;
90.000	,	19.89;
100.000	,	19.89;
110.000	,	19.89;
120.000	,	19.89;
130.000	,	19.88;
140.000	,	19.88;
150.000	,	19.88;
160.000	,	19.88;
170.000	,	19.88;
180.000	,	19.88;
190.000	,	19.95;
200.000	,	20.64;
210.000	,	21.47;
220.000	,	22.32;
230.000	,	23.10;
240.000	,	23.94;
250.000	,	24.75;
260.000	,	25.56;
270.000	,	26.33;
280.000	,	27.13;
290.000	,	27.98;
300.000	,	28.81;
310.000	,	29.62;
320.000	,	30.46;
330.000	,	31.16;
340.000	,	32.00;
350.000	,	32.81;
360.000	,	33.66;
370.000	,	34.45;
380.000	,	35.18;
390.000	,	35.96;
400.000	,	36.75;
410.000	,	37.64;
420.000	,   38.39;
430.000	,	39.18;
440.000	,	39.94;
450.000	,	40.73;
460.000	,	41.26;
470.000	,	41.29;
480.000	,	41.26;
490.000	,	41.23;
500.000	,	41.19;
510.000	,	41.15;
520.000	,	41.11;
530.000	,	41.08;
540.000	,	41.04;
550.000	,	41.00;
560.000	,	40.97;
570.000	,	40.93;
580.000	,	40.89;
590.000	,	40.86;
600.000	,	40.82;
610.000	,	40.79;
620.000	,	40.76;
630.000	,	40.71;
640.000	,	40.42;
650.000	,	38.79;
660.000	,	37.47;
670.000	,	35.83;
680.000	,	34.62;
690.000	,	33.83;
700.000	,	33.40;
710.000	,	33.14;
720.000	,	32.99;
730.000	,	32.92;
740.000	,	32.88;
750.000	,	32.84;
760.000	,	32.82;
770.000	,	32.80;
780.000	,	32.77;
790.000	,	32.75;
800.000	,	32.74;
810.000	,   32.71;
820.000	,	32.70;
830.000	,	32.67;
840.000	,	32.65;
850.000	,	32.62;
860.000	,	32.61;
870.000	,	32.59;
880.000	,	32.57]