test2=[0.000	,	16.53;
10.000	,	16.55;
20.000	,	16.55;
30.000	,	16.55;
40.000	,	16.56;
50.00	,	16.56;
60.000	,	16.56;
70.000	,	16.75;
80.000	,	17.61;
90.000	,	18.44;
100.000	,	19.56;
110.000	,	20.80;
120.000	,	21.25;
130.000	,	22.40;
140.000	,	23.31;
150.000	,	24.16;
160.000	,	25.69;
170.000	,	26.81;
180.000	,	27.20;
190.000	,	28.36;
200.000	,	29.05;
210.000 ,	30.24;
220.000	,	31.52;
230.000	,	32.23;
240.000	,	33.47;
250.000	,	33.61;
260.000	,	35.20;
270.000	,	35.53;
280.000	,	36.81;
290.000	,	37.80;
300.000	,	38.74;
310.000	,	39.69;
320.000	,	40.59;
330.000	,	40.83;
340.000	,	40.66;
350.000	,	40.77;
360.000	,	40.73;
370.000	,	40.78;
380.000	,	40.73;
390.000	,	40.71;
400.000	,	40.68;
410.000	,	40.70;
420.000	,	40.68;
430.000	,	39.50;
440.000	,	38.53;
450.000	,	38.21;
460.000	,	36.72;
470.000	,	36.71;
480.000	,	35.57;
490.000	,	34.42;
500.000	,	33.44;
510.000	,	33.03;
520.000	,	32.48;
530.000	,	32.18;
540.00	,	31.93;
550.000	,	31.73;
560.000	,	31.57;
570.000	,	31.44;
580.000	,	31.44;
590.000	,	31.38;
600.000	,	31.35]